Tcl_0: [-0.000420, -0.999990, 0.003730, 0.006000, 
        0.003120, -0.003730, -0.999990, 0.005300, 
        0.999990, -0.000410, 0.003120, -0.003330, 
        0.000000, 0.000000, 0.000000, 1.000000]
cam_0: 
   image_width: 1600
   image_height: 1296
   k2: 0.002426
   k3: -0.006136
   k4: -0.053095
   k5: 0.078127
   k6: -0.052715
   k7: 0.011951
   p1: 0.000000
   p2: 0.000000
   A11: 734.825175
   A12: -0.412252
   A22: 734.042255
   u0: 781.815137
   v0: 650.920604
